1111111111
1111111111
1111111111
1111111111
1111111111
1111111111
1111111111
1111111111
1111111111
1111111111

1111011111
1111111111
1111111111
1111111111
1111111111
1111111111
1111111111
1111111111
1111110111
1111111111

1111011111
1110111111
1111111111
1111111111
1111111111
1111111111
1111110111
1111111111
1111110111
1111111111

1111011111
1110111111
1111111111
1111111111
1111111111
1111111111
1111110111
0111111111
0111110111
1111111111

1111111111
1111111111
1111111111
1111111111
1111111111
1111110111
1111111111
1111111111
1111111111
1111111111

1111111111
1111111111
1111111111
1111111111
1101110111
1111110111
1111111111
1111111111
1111111111
1111111111

1111101111
1111111111
1111111111
1111111111
1101110111
1101110111
1111111111
1111111111
1111111111
1111111111

1111111111
1111111111
1111111111
1111111111
1111111111
1111111111
1111111111
1111111111
1111111111
1111111111

1111111111
1111111111
1111111111
1111111111
1111111111
1111111111
1111111111
1111111111
1111011111
1111111111

